ACCURACY=0.849046610169  iteration = 100
ACCURACY=0.803495762712 ptb iter=10